%YAML:1.0
---
linemod_detector:
   object_id: cuboid1_blue
   num_templates: 300
   R_0: !!opencv-matrix
      rows: 3
      cols: 3
      dt: f
      data: [ 0.999560356, 0., -0.0296489522, 0.00225440809, 0.997105002,
          0.0760032609, 0.0295631196, -0.0760366842, 0.99666667 ]
   t_0: !!opencv-matrix
      rows: 3
      cols: 1
      dt: f
      data: [ -1.20677069e-18, 5.72067482e-18, -0.400000006 ]
   R_1: !!opencv-matrix
      rows: 3
      cols: 3
      dt: f
      data: [ 0.99193418, 0., 0.126753941, 0.00791175477, 0.998050094,
          -0.0619147606, -0.126506791, 0.0624182113, 0.99000001 ]
   t_1: !!opencv-matrix
      rows: 3
      cols: 1
      dt: f
      data: [ -7.83159301e-18, 2.55206085e-18, -0.400000006 ]
   R_2: !!opencv-matrix
      rows: 3
      cols: 3
      dt: f
      data: [ 0.984605491, 0., -0.174791515, -0.00888239779, 0.99870795,
          -0.050034795, 0.174565688, 0.0508171022, 0.983333349 ]
   t_2: !!opencv-matrix
      rows: 3
      cols: 1
      dt: f
      data: [ -6.02789094e-18, 4.43368085e-19, -0.400000006 ]
   R_3: !!opencv-matrix
      rows: 3
      cols: 3
      dt: f
      data: [ 0.993546426, 0., 0.113426298, -0.0208192524, 0.98301059,
          0.182364196, -0.11149925, -0.183548734, 0.976666689 ]
   t_3: !!opencv-matrix
      rows: 3
      cols: 1
      dt: f
      data: [ 6.58456323e-18, 1.48277222e-18, -0.400000006 ]
   R_4: !!opencv-matrix
      rows: 3
      cols: 3
      dt: f
      data: [ 0.998814106, 0., 0.0486865379, 0.0116099184, 0.97115165,
          -0.238179803, -0.047282014, 0.238462597, 0.969999969 ]
   t_4: !!opencv-matrix
      rows: 3
      cols: 1
      dt: f
      data: [ -2.04355074e-18, -7.92632225e-19, -0.400000006 ]
   R_5: !!opencv-matrix
      rows: 3
      cols: 3
      dt: f
      data: [ 0.97571665, 0., -0.219036698, 0.034786094, 0.987308502,
          0.154957458, 0.216256797, -0.158813998, 0.963333309 ]
   t_5: !!opencv-matrix
      rows: 3
      cols: 1
      dt: f
      data: [ -3.83417405e-18, -1.1151982e-17, -0.400000006 ]
   R_6: !!opencv-matrix
      rows: 3
      cols: 3
      dt: f
      data: [ 0.957140028, 0., 0.289625645, -0.00910741463, 0.99950546,
          0.0300977174, -0.289482415, -0.0314454697, 0.956666648 ]
   t_6: !!opencv-matrix
      rows: 3
      cols: 1
      dt: f
      data: [ 1.83957755e-17, -8.88574268e-19, -0.400000006 ]
   R_7: !!opencv-matrix
      rows: 3
      cols: 3
      dt: f
      data: [ 0.977262259, 0., -0.212034166, -0.0497331545, 0.972103417,
          -0.229219347, 0.20611915, 0.234552547, 0.949999988 ]
   t_7: !!opencv-matrix
      rows: 3
      cols: 1
      dt: f
      data: [ 1.03785169e-17, 4.90371899e-18, -0.400000006 ]
   R_8: !!opencv-matrix
      rows: 3
      cols: 3
      dt: f
      data: [ 0.999973595, 0., -0.00726877199, 0.00241160276,
          0.943358243, 0.331767052, 0.00685705571, -0.331775844,
          0.943333328 ]
   t_8: !!opencv-matrix
      rows: 3
      cols: 1
      dt: f
      data: [ 2.82558693e-19, -1.00091228e-17, -0.400000006 ]
   R_9: !!opencv-matrix
      rows: 3
      cols: 3
      dt: f
      data: [ 0.968243062, 0., 0.250010669, 0.0633275583, 0.967387915,
          -0.245255411, -0.241857305, 0.253299415, 0.936666667 ]
   t_9: !!opencv-matrix
      rows: 3
      cols: 1
      dt: f
      data: [ 1.12134531e-17, -1.9092042e-18, -0.400000006 ]
   R_10: !!opencv-matrix
      rows: 3
      cols: 3
      dt: f
      data: [ 0.930280626, 0., -0.366848648, 0.00901030749, 0.999698341,
          0.0228489731, 0.366737962, -0.0245613754, 0.930000007 ]
   t_10: !!opencv-matrix
      rows: 3
      cols: 1
      dt: f
      data: [ -1.44582883e-17, 8.71287641e-19, -0.400000006 ]
   R_11: !!opencv-matrix
      rows: 3
      cols: 3
      dt: f
      data: [ 0.951104879, 0., 0.30886811, -0.0740935281, 0.970800757,
          0.228157952, -0.299849391, -0.239887267, 0.923333347 ]
   t_11: !!opencv-matrix
      rows: 3
      cols: 1
      dt: f
      data: [ -1.48495443e-18, 1.16272709e-17, -0.400000006 ]
   R_12: !!opencv-matrix
      rows: 3
      cols: 3
      dt: f
      data: [ 0.997759461, 0., -0.0669030324, -0.0264198575, 0.918725073,
          -0.394012958, 0.0614654981, 0.394897729, 0.916666687 ]
   t_12: !!opencv-matrix
      rows: 3
      cols: 1
      dt: f
      data: [ -3.58479139e-19, -1.72761254e-17, -0.400000006 ]
   R_13: !!opencv-matrix
      rows: 3
      cols: 3
      dt: f
      data: [ 0.96958518, 0., -0.244754165, 0.0844781175, 0.938545704,
          0.334657133, 0.229712978, -0.345154971, 0.910000026 ]
   t_13: !!opencv-matrix
      rows: 3
      cols: 1
      dt: f
      data: [ -9.42750896e-18, -6.35287449e-18, -0.400000006 ]
   R_14: !!opencv-matrix
      rows: 3
      cols: 3
      dt: f
      data: [ 0.908141911, 0., 0.418662429, 0.0430264696, 0.994705021,
          -0.0933308974, -0.416445613, 0.102771267, 0.903333306 ]
   t_14: !!opencv-matrix
      rows: 3
      cols: 1
      dt: f
      data: [ 2.60526308e-17, -6.64040485e-19, -0.400000006 ]
   R_15: !!opencv-matrix
      rows: 3
      cols: 3
      dt: f
      data: [ 0.917546928, 0., -0.397627532, -0.0843451768, 0.977243364,
          -0.19463104, 0.388578862, 0.212121069, 0.896666646 ]
   t_15: !!opencv-matrix
      rows: 3
      cols: 1
      dt: f
      data: [ -7.72285019e-18, 5.01040378e-18, -0.400000006 ]
   R_16: !!opencv-matrix
      rows: 3
      cols: 3
      dt: f
      data: [ 0.986538172, 0., 0.163531125, -0.0705528855, 0.902144492,
          0.425626099, -0.147528708, -0.431433976, 0.889999986 ]
   t_16: !!opencv-matrix
      rows: 3
      cols: 1
      dt: f
      data: [ -2.76197985e-18, -1.95945257e-17, -0.400000006 ]
   R_17: !!opencv-matrix
      rows: 3
      cols: 3
      dt: f
      data: [ 0.97814548, 0., 0.207921624, 0.0893011913, 0.903069496,
          -0.42010811, -0.18776767, 0.4294945, 0.883333325 ]
   t_17: !!opencv-matrix
      rows: 3
      cols: 1
      dt: f
      data: [ -4.40237227e-18, -1.79724075e-18, -0.400000006 ]
   R_18: !!opencv-matrix
      rows: 3
      cols: 3
      dt: f
      data: [ 0.893800616, 0., -0.448464602, 0.0873896331, 0.980830252,
          0.174169615, 0.439867646, -0.19486405, 0.876666665 ]
   t_18: !!opencv-matrix
      rows: 3
      cols: 1
      dt: f
      data: [ -1.62142753e-17, 1.46660413e-17, -0.400000006 ]
   R_19: !!opencv-matrix
      rows: 3
      cols: 3
      dt: f
      data: [ 0.880960464, 0., 0.473189861, -0.074410066, 0.987558484,
          0.138532817, -0.46730268, -0.157252029, 0.870000005 ]
   t_19: !!opencv-matrix
      rows: 3
      cols: 1
      dt: f
      data: [ 1.35547275e-18, 5.7091096e-18, -0.400000006 ]
   R_20: !!opencv-matrix
      rows: 3
      cols: 3
      dt: f
      data: [ 0.962319374, 0., -0.271921813, -0.120121524, 0.897138059,
          -0.425104797, 0.24395141, 0.441750228, 0.863333344 ]
   t_20: !!opencv-matrix
      rows: 3
      cols: 1
      dt: f
      data: [ -1.53777045e-17, 1.19985724e-17, -0.400000006 ]
   R_21: !!opencv-matrix
      rows: 3
      cols: 3
      dt: f
      data: [ 0.990146935, 0., -0.140032247, 0.0702180117, 0.86519146,
          0.496500939, 0.121154711, -0.501441658, 0.856666684 ]
   t_21: !!opencv-matrix
      rows: 3
      cols: 1
      dt: f
      data: [ -4.92690238e-18, -1.60322211e-17, -0.400000006 ]
   R_22: !!opencv-matrix
      rows: 3
      cols: 3
      dt: f
      data: [ 0.889302015, 0., 0.457320362, 0.134451672, 0.955805779,
          -0.261453778, -0.437109441, 0.293998867, 0.850000024 ]
   t_22: !!opencv-matrix
      rows: 3
      cols: 1
      dt: f
      data: [ 1.10344529e-17, -3.05091155e-18, -0.400000006 ]
   R_23: !!opencv-matrix
      rows: 3
      cols: 3
      dt: f
      data: [ 0.846048951, 0., -0.533105195, -0.0426792949, 0.99679023,
          -0.0677329227, 0.531394005, 0.0800579265, 0.843333304 ]
   t_23: !!opencv-matrix
      rows: 3
      cols: 1
      dt: f
      data: [ -2.18725877e-17, 2.64738266e-18, -0.400000006 ]
   R_24: !!opencv-matrix
      rows: 3
