%YAML:1.0
---
linemod_detector:
   object_id: cuboid1_blue
   num_templates: 300
   R_0: !!opencv-matrix
      rows: 3
      cols: 3
      dt: f
      data: [ 0.999560356, 0., -0.0296489522, 0.00225440809, 0.997105002,
          0.0760032609, 0.0295631196, -0.0760366842, 0.99666667 ]
   t_0: !!opencv-matrix
      rows: 3
      cols: 1
      dt: f
      data: [ -1.20677069e-18, 5.72067482e-18, -0.400000006 ]
   R_1: !!opencv-matrix
      rows: 3
      cols: 3
      dt: f
      data: [ 0.99193418, 0., 0.126753941, 0.00791175477, 0.998050094,
          -0.0619147606, -0.126506791, 0.0624182113, 0.99000001 ]
   t_1: !!opencv-matrix
      rows: 3
      cols: 1
      dt: f
      data: [ -7.83159301e-18, 2.55206085e-18, -0.400000006 ]
   R_2: !!opencv-matrix
      rows: 3
      cols: 3
      dt: f
      data: [ 0.984605491, 0., -0.174791515, -0.00888239779, 0.99870795,
          -0.050034795, 0.174565688, 0.0508171022, 0.983333349 ]
   t_2: !!opencv-matrix
      rows: 3
      cols: 1
      dt: f
      data: [ -6.02789094e-18, 4.43368085e-19, -0.400000006 ]
   R_3: !!opencv-matrix
      rows: 3
      cols: 3
      dt: f
      data: [ 0.993546426, 0., 0.113426298, -0.0208192524, 0.98301059,
          0.182364196, -0.11149925, -0.183548734, 0.976666689 ]
   t_3: !!opencv-matrix
      rows: 3
      cols: 1
      dt: f
      data: [ 6.58456323e-18, 1.48277222e-18, -0.400000006 ]
   R_4: !!opencv-matrix
      rows: 3
      cols: 3
      dt: f
      data: [ 0.998814106, 0., 0.0486865379, 0.0116099184, 0.97115165,
          -0.238179803, -0.047282014, 0.238462597, 0.969999969 ]
   t_4: !!opencv-matrix
      rows: 3
      cols: 1
      dt: f
      data: [ -2.04355074e-18, -7.92632225e-19, -0.400000006 ]
   R_5: !!opencv-matrix
      rows: 3
      cols: 3
      dt: f
      data: [ 0.97571665, 0., -0.219036698, 0.034786094, 0.987308502,
          0.154957458, 0.216256797, -0.158813998, 0.963333309 ]
   t_5: !!opencv-matrix
      rows: 3
      cols: 1
      dt: f
      data: [ -3.83417405e-18, -1.1151982e-17, -0.400000006 ]
   R_6: !!opencv-matrix
      rows: 3
      cols: 3
      dt: f
      data: [ 0.957140028, 0., 0.289625645, -0.00910741463, 0.99950546,
          0.0300977174, -0.289482415, -0.0314454697, 0.956666648 ]
   t_6: !!opencv-matrix
      rows: 3
      cols: 1
      dt: f
      data: [ 1.83957755e-17, -8.88574268e-19, -0.400000006 ]
   R_7: !!opencv-matrix
      rows: 3
      cols: 3
      dt: f
      data: [ 0.977262259, 0., -0.212034166, -0.0497331545, 0.972103417,
          -0.229219347, 0.20611915, 0.234552547, 0.949999988 ]
   t_7: !!opencv-matrix
      rows: 3
      cols: 1
      dt: f
      data: [ 1.03785169e-17, 4.90371899e-18, -0.400000006 ]
   R_8: !!opencv-matrix
      rows: 3
      cols: 3
      dt: f
      data: [ 0.999973595, 0., -0.00726877199, 0.00241160276,
          0.943358243, 0.331767052, 0.00685705571, -0.331775844,
          0.943333328 ]
   t_8: !!opencv-matrix
      rows: 3
      cols: 1
      dt: f
      data: [ 2.82558693e-19, -1.00091228e-17, -0.400000006 ]
   R_9: !!opencv-matrix
      rows: 3
      cols: 3
      dt: f
      data: [ 0.968243062, 0., 0.250010669, 0.0633275583, 0.967387915,
          -0.245255411, -0.241857305, 0.253299415, 0.936666667 ]
   t_9: !!opencv-matrix
      rows: 3
      cols: 1
      dt: f
      data: [ 1.12134531e-17, -1.9092042e-18, -0.400000006 ]
   R_10: !!opencv-matrix
      rows: 3
      cols: 3
      dt: f
      data: [ 0.930280626, 0., -0.366848648, 0.00901030749, 0.999698341,
          0.0228489731, 0.366737962, -0.0245613754, 0.930000007 ]
   t_10: !!opencv-matrix
      rows: 3
      cols: 1
      dt: f
      data: [ -1.44582883e-17, 8.71287641e-19, -0.400000006 ]
   R_11: !!opencv-matrix
      rows: 3
      cols: 3
      dt: f
      data: [ 0.951104879, 0., 0.30886811, -0.0740935281, 0.970800757,
          0.228157952, -0.299849391, -0.239887267, 0.923333347 ]
   t_11: !!opencv-matrix
      rows: 3
      cols: 1
      dt: f
      data: [ -1.48495443e-18, 1.16272709e-17, -0.400000006 ]
   R_12: !!opencv-matrix
      rows: 3
      cols: 3
      dt: f
      data: [ 0.997759461, 0., -0.0669030324, -0.0264198575, 0.918725073,
          -0.394012958, 0.0614654981, 0.394897729, 0.916666687 ]
   t_12: !!opencv-matrix
      rows: 3
      cols: 1
      dt: f
      data: [ -3.58479139e-19, -1.72761254e-17, -0.400000006 ]
   R_13: !!opencv-matrix
      rows: 3
      cols: 3
      dt: f
      data: [ 0.96958518, 0., -0.244754165, 0.0844781175, 0.938545704,
          0.334657133, 0.229712978, -0.345154971, 0.910000026 ]
   t_13: !!opencv-matrix
      rows: 3
      cols: 1
      dt: f
      data: [ -9.42750896e-18, -6.35287449e-18, -0.400000006 ]
   R_14: !!opencv-matrix
      rows: 3
      cols: 3
      dt: f
      data: [ 0.908141911, 0., 0.418662429, 0.0430264696, 0.994705021,
          -0.0933308974, -0.416445613, 0.102771267, 0.903333306 ]
   t_14: !!opencv-matrix
      rows: 3
      cols: 1
      dt: f
      data: [ 2.60526308e-17, -6.64040485e-19, -0.400000006 ]
   R_15: !!opencv-matrix
      rows: 3
      cols: 3
      dt: f
      data: [ 0.917546928, 0., -0.397627532, -0.0843451768, 0.977243364,
          -0.19463104, 0.388578862, 0.212121069, 0.896666646 ]
   t_15: !!opencv-matrix
      rows: 3
      cols: 1
      dt: f
      data: [ -7.72285019e-18, 5.01040378e-18, -0.400000006 ]
   R_16: !!opencv-matrix
      rows: 3
      cols: 3
      dt: f
      data: [ 0.986538172, 0., 0.163531125, -0.0705528855, 0.902144492,
          0.425626099, -0.147528708, -0.431433976, 0.889999986 ]
   t_16: !!opencv-matrix
      rows: 3
      cols: 1
      dt: f
      data: [ -2.76197985e-18, -1.95945257e-17, -0.400000006 ]
   R_17: !!opencv-matrix
      rows: 3
      cols: 3
      dt: f
      data: [ 0.97814548, 0., 0.207921624, 0.0893011913, 0.903069496,
          -0.42010811, -0.18776767, 0.4294945, 0.883333325 ]
   t_17: !!opencv-matrix
      rows: 3
      cols: 1
      dt: f
      data: [ -4.40237227e-18, -1.79724075e-18, -0.400000006 ]
   R_18: !!opencv-matrix
      rows: 3
      cols: 3
      dt: f
      data: [ 0.893800616, 0., -0.448464602, 0.0873896331, 0.980830252,
          0.174169615, 0.439867646, -0.19486405, 0.876666665 ]
   t_18: !!opencv-matrix
      rows: 3
      cols: 1
      dt: f
      data: [ -1.62142753e-17, 1.46660413e-17, -0.400000006 ]
   R_19: !!opencv-matrix
      rows: 3
      cols: 3
      dt: f
      data: [ 0.880960464, 0., 0.473189861, -0.074410066, 0.987558484,
          0.138532817, -0.46730268, -0.157252029, 0.870000005 ]
   t_19: !!opencv-matrix
      rows: 3
      cols: 1
      dt: f
      data: [ 1.35547275e-18, 5.7091096e-18, -0.400000006 ]
   R_20: !!opencv-matrix
      rows: 3
      cols: 3
      dt: f
      data: [ 0.962319374, 0., -0.271921813, -0.120121524, 0.897138059,
          -0.425104797, 0.24395141, 0.441750228, 0.863333344 ]
   t_20: !!opencv-matrix
      rows: 3
      cols: 1
      dt: f
      data: [ -1.53777045e-17, 1.19985724e-17, -0.400000006 ]
   R_21: !!opencv-matrix
      rows: 3
      cols: 3
      dt: f
      data: [ 0.990146935, 0., -0.140032247, 0.0702180117, 0.86519146,
          0.496500939, 0.121154711, -0.501441658, 0.856666684 ]
   t_21: !!opencv-matrix
      rows: 3
      cols: 1
      dt: f
      data: [ -4.92690238e-18, -1.60322211e-17, -0.400000006 ]
   R_22: !!opencv-matrix
      rows: 3
      cols: 3
      dt: f
      data: [ 0.889302015, 0., 0.457320362, 0.134451672, 0.955805779,
          -0.261453778, -0.437109441, 0.293998867, 0.850000024 ]
   t_22: !!opencv-matrix
      rows: 3
      cols: 1
      dt: f
      data: [ 1.10344529e-17, -3.05091155e-18, -0.400000006 ]
   R_23: !!opencv-matrix
      rows: 3
      cols: 3
      dt: f
      data: [ 0.846048951, 0., -0.533105195, -0.0426792949, 0.99679023,
          -0.0677329227, 0.531394005, 0.0800579265, 0.843333304 ]
   t_23: !!opencv-matrix
      rows: 3
      cols: 1
      dt: f
      data: [ -2.18725877e-17, 2.64738266e-18, -0.400000006 ]
   R_24: !!opencv-matrix
      rows: 3
      cols: 3
      dt: f
      data: [ 0.924782157, 0., 0.380496979, -0.162096232, 0.904717565,
          0.393968195, -0.344242275, -0.42601189, 0.836666644 ]
   t_24: !!opencv-matrix
      rows: 3
      cols: 1
      dt: f
      data: [ -2.18684832e-17, -1.75992287e-17, -0.400000006 ]
   R_25: !!opencv-matrix
      rows: 3
      cols: 3
      dt: f
      data: [ 0.999134421, 0., 0.0415977649, 0.0231571384, 0.830719054,
          -0.556210041, -0.0345560536, 0.556691885, 0.829999983 ]
   t_25: !!opencv-matrix
      rows: 3
      cols: 1
      dt: f
      data: [ -3.7893392e-19, -3.34317254e-17, -0.400000006 ]
   R_26: !!opencv-matrix
      rows: 3
      cols: 3
      dt: f
      data: [ 0.895770133, 0., -0.444517612, 0.175114855, 0.919134617,
          0.352882862, 0.408571541, -0.393943548, 0.823333323 ]
   t_26: !!opencv-matrix
      rows: 3
      cols: 1
      dt: f
      data: [ 9.34883085e-18, -7.67276606e-18, -0.400000006 ]
   R_27: !!opencv-matrix
      rows: 3
      cols: 3
      dt: f
      data: [ 0.816755414, 0., 0.576984107, 0.00850449223, 0.999891341,
          -0.0120386165, -0.576921403, 0.0147395618, 0.816666663 ]
   t_27: !!opencv-matrix
      rows: 3
      cols: 1
      dt: f
      data: [ -9.36875267e-18, 9.43939224e-19, -0.400000006 ]
   R_28: !!opencv-matrix
      rows: 3
      cols: 3
      dt: f
      data: [ 0.877634406, 0., -0.479330659, -0.184520468, 0.922935545,
          -0.337849259, 0.442391306, 0.384954453, 0.810000002 ]
   t_28: !!opencv-matrix
      rows: 3
      cols: 1
      dt: f
      data: [ -1.31268608e-17, -9.98449703e-19, -0.400000006 ]
   R_29: !!opencv-matrix
      rows: 3
      cols: 3
      dt: f
      data: [ 0.996519506, 0., 0.0833595619, -0.0493260324, 0.806139052,
          0.589666605, -0.0671994016, -0.591726124, 0.803333342 ]
   t_29: !!opencv-matrix
      rows: 3
      cols: 1
      dt: f
      data: [ -5.34043416e-19, 1.61040617e-17, -0.400000006 ]
   R_30: !!opencv-matrix
      rows: 3
      cols: 3
      dt: f
      data: [ 0.913254619, 0., 0.407389283, 0.199173972, 0.872337937,
          -0.446493208, -0.355381131, 0.488903344, 0.796666682 ]
   t_30: !!opencv-matrix
      rows: 3
      cols: 1
      dt: f
      data: [ -9.42826583e-18, 1.42224773e-17, -0.400000006 ]
   R_31: !!opencv-matrix
      rows: 3
      cols: 3
      dt: f
      data: [ 0.795963109, 0., -0.60534519, 0.0739591867, 0.992508352,
          0.097248286, 0.600810111, -0.122176878, 0.790000021 ]
   t_31: !!opencv-matrix
      rows: 3
      cols: 1
      dt: f
      data: [ -6.92532152e-18, -7.36600696e-18, -0.400000006 ]
   R_32: !!opencv-matrix
      rows: 3
      cols: 3
      dt: f
      data: [ 0.826846421, 0., 0.562427759, -0.180048287, 0.947374642,
          0.264695823, -0.532829821, -0.320126951, 0.783333361 ]
   t_32: !!opencv-matrix
      rows: 3
      cols: 1
      dt: f
      data: [ 1.01361835e-17, 1.12185988e-18, -0.400000006 ]
   R_33: !!opencv-matrix
      rows: 3
      cols: 3
      dt: f
      data: [ 0.974451542, 0., -0.224597752, -0.135643646, 0.797029495,
          -0.588510633, 0.179011032, 0.603940368, 0.776666641 ]
   t_33: !!opencv-matrix
      rows: 3
      cols: 1
      dt: f
      data: [ 2.28010475e-18, -2.83543349e-18, -0.400000006 ]
   R_34: !!opencv-matrix
      rows: 3
      cols: 3
      dt: f
      data: [ 0.939980984, 0., -0.341226846, 0.195713118, 0.819165528,
          0.539132833, 0.279521257, -0.573557198, 0.769999981 ]
   t_34: !!opencv-matrix
      rows: 3
      cols: 1
      dt: f
      data: [ -2.10576824e-17, -2.84392106e-17, -0.400000006 ]
   R_35: !!opencv-matrix
      rows: 3
      cols: 3
      dt: f
      data: [ 0.785724699, 0., 0.618576348, 0.146621346, 0.971502244,
          -0.186240599, -0.600948274, 0.237030342, 0.763333321 ]
   t_35: !!opencv-matrix
      rows: 3
      cols: 1
      dt: f
      data: [ -1.10512339e-17, -1.7604114e-17, -0.400000006 ]
   R_36: !!opencv-matrix
      rows: 3
      cols: 3
      dt: f
      data: [ 0.778263688, 0., -0.627937555, -0.146903202, 0.972249687,
          -0.182071328, 0.610512137, 0.233945549, 0.75666666 ]
   t_36: !!opencv-matrix
      rows: 3
      cols: 1
      dt: f
      data: [ 1.02045889e-17, -2.69774948e-18, -0.400000006 ]
   R_37: !!opencv-matrix
      rows: 3
      cols: 3
      dt: f
      data: [ 0.930364966, 0., 0.366634727, -0.216949254, 0.806135237,
          0.550526083, -0.295557201, -0.59173131, 0.75 ]
   t_37: !!opencv-matrix
      rows: 3
      cols: 1
      dt: f
      data: [ 1.42492796e-17, -2.24380868e-18, -0.400000006 ]
   R_38: !!opencv-matrix
      rows: 3
      cols: 3
      dt: f
      data: [ 0.970754743, 0., 0.240073279, 0.154406846, 0.765727222,
          -0.624355972, -0.183830634, 0.643165469, 0.74333334 ]
   t_38: !!opencv-matrix
      rows: 3
      cols: 1
      dt: f
      data: [ 8.81665593e-18, 3.37302913e-17, -0.400000006 ]
   R_39: !!opencv-matrix
      rows: 3
      cols: 3
      dt: f
      data: [ 0.787644327, 0., -0.616130173, 0.218056515, 0.935278356,
          0.278757602, 0.576253235, -0.353913039, 0.736666679 ]
   t_39: !!opencv-matrix
      rows: 3
      cols: 1
      dt: f
      data: [ -1.58161714e-17, -1.24191673e-17, -0.400000006 ]
   R_40: !!opencv-matrix
      rows: 3
      cols: 3
      dt: f
      data: [ 0.736214101, 0., 0.676748693, -0.0877426267, 0.991559386,
          0.0954525024, -0.671036541, -0.129653186, 0.730000019 ]
   t_40: !!opencv-matrix
      rows: 3
      cols: 1
      dt: f
      data: [ 2.07181413e-17, -1.13600287e-17, -0.400000006 ]
   R_41: !!opencv-matrix
      rows: 3
      cols: 3
      dt: f
      data: [ 0.869229913, 0., -0.494408071, -0.274171174, 0.832154214,
          -0.482026517, 0.411423743, 0.55454433, 0.723333359 ]
   t_41: !!opencv-matrix
      rows: 3
      cols: 1
      dt: f
      data: [ -3.85153946e-18, -7.1777299e-18, -0.400000006 ]
   R_42: !!opencv-matrix
      rows: 3
      cols: 3
      dt: f
      data: [ 0.99500072, 0., -0.0998679399, 0.0692780316, 0.720267475,
          0.690228403, 0.0719316304, -0.693696439, 0.716666639 ]
   t_42: !!opencv-matrix
      rows: 3
      cols: 1
      dt: f
      data: [ -1.47098138e-18, 4.11659799e-17, -0.400000006 ]
   R_43: !!opencv-matrix
      rows: 3
      cols: 3
      dt: f
      data: [ 0.803137779, 0., 0.595793307, 0.278488815, 0.884032607,
          -0.375406861, -0.526700735, 0.467425227, 0.709999979 ]
   t_43: !!opencv-matrix
      rows: 3
      cols: 1
      dt: f
      data: [ -1.97681625e-17, 5.89646849e-18, -0.400000006 ]
   R_44: !!opencv-matrix
      rows: 3
      cols: 3
      dt: f
      data: [ 0.703377604, 0., -0.710816383, -0.00797644537, 0.999937057,
          -0.00789297186, 0.71077162, 0.0112215281, 0.703333318 ]
   t_44: !!opencv-matrix
      rows: 3
      cols: 1
      dt: f
      data: [ 1.48748465e-17, 3.31012995e-19, -0.400000006 ]
   R_45: !!opencv-matrix
      rows: 3
      cols: 3
      dt: f
      data: [ 0.800678551, 0., 0.599094212, -0.295283616, 0.870095372,
          0.394641191, -0.521269083, -0.492883444, 0.696666658 ]
   t_45: !!opencv-matrix
      rows: 3
      cols: 1
      dt: f
      data: [ 1.04868072e-17, 8.7266289e-18, -0.400000006 ]
   R_46: !!opencv-matrix
      rows: 3
      cols: 3
      dt: f
      data: [ 0.997184277, 0., -0.0749903992, -0.0541390926, 0.691948354,
          -0.719914198, 0.0518894829, 0.721947014, 0.689999998 ]
   t_46: !!opencv-matrix
      rows: 3
      cols: 1
      dt: f
      data: [ -3.40305537e-18, 2.30640123e-17, -0.400000006 ]
   R_47: !!opencv-matrix
      rows: 3
      cols: 3
      dt: f
      data: [ 0.833308458, 0., -0.552808344, 0.316387922, 0.82002449,
          0.476926118, 0.453316361, -0.572328448, 0.683333337 ]
   t_47: !!opencv-matrix
      rows: 3
      cols: 1
      dt: f
      data: [ -2.60540916e-17, -8.7167929e-18, -0.400000006 ]
   R_48: !!opencv-matrix
      rows: 3
      cols: 3
      dt: f
      data: [ 0.681329012, 0., 0.731977284, 0.0854854956, 0.99315697,
          -0.0795704275, -0.726968348, 0.116787083, 0.676666677 ]
   t_48: !!opencv-matrix
      rows: 3
      cols: 1
      dt: f
      data: [ 1.86133323e-17, -7.66521597e-19, -0.400000006 ]
   R_49: !!opencv-matrix
      rows: 3
      cols: 3
      dt: f
      data: [ 0.733961105, 0., -0.67919147, -0.277303129, 0.91285485,
          -0.299664706, 0.620003223, 0.408284187, 0.670000017 ]
   t_49: !!opencv-matrix
      rows: 3
      cols: 1
      dt: f
      data: [ -1.55200474e-17, -5.19655178e-19, -0.400000006 ]
   R_50: !!opencv-matrix
      rows: 3
      cols: 3
      dt: f
      data: [ 0.964049399, 0., 0.26572305, -0.19282046, 0.68806982,
          0.699557126, -0.182836011, -0.725644469, 0.663333356 ]
   t_50: !!opencv-matrix
      rows: 3
      cols: 1
      dt: f
      data: [ 1.04121302e-17, 4.46599941e-17, -0.400000006 ]
   R_51: !!opencv-matrix
      rows: 3
      cols: 3
      dt: f
      data: [ 0.877925038, 0., 0.478798121, 0.317790776, 0.747975767,
          -0.582701683, -0.358129382, 0.663726032, 0.656666636 ]
   t_51: !!opencv-matrix
      rows: 3
      cols: 1
      dt: f
      data: [ 8.79471579e-18, -4.8907914e-18, -0.400000006 ]
   R_52: !!opencv-matrix
      rows: 3
      cols: 3
      dt: f
      data: [ 0.671207368, 0., -0.741269648, 0.184862286, 0.968404174,
          0.167389736, 0.717848599, -0.249386013, 0.649999976 ]
   t_52: !!opencv-matrix
      rows: 3
      cols: 1
      dt: f
      data: [ -5.62865636e-18, 1.43339581e-17, -0.400000006 ]
   R_53: !!opencv-matrix
      rows: 3
      cols: 3
      dt: f
      data: [ 0.67512399, 0., 0.737704277, -0.223708093, 0.952911317,
          0.204730704, -0.70296675, -0.303249031, 0.643333316 ]
   t_53: !!opencv-matrix
      rows: 3
      cols: 1
      dt: f
      data: [ -7.27892056e-18, -1.0043742e-17, -0.400000006 ]
   R_54: !!opencv-matrix
      rows: 3
      cols: 3
      dt: f
      data: [ 0.895860851, 0., -0.444334686, -0.312598169, 0.710675836,
          -0.630255699, 0.315777928, 0.703519642, 0.636666656 ]
   t_54: !!opencv-matrix
      rows: 3
      cols: 1
      dt: f
      data: [ 1.33633907e-17, -1.27733255e-17, -0.400000006 ]
   R_55: !!opencv-matrix
      rows: 3
      cols: 3
      dt: f
      data: [ 0.93245858, 0., -0.361276954, 0.26634708, 0.675633252,
          0.687443793, 0.244090736, -0.737237871, 0.629999995 ]
   t_55: !!opencv-matrix
      rows: 3
      cols: 1
      dt: f
      data: [ -9.12820607e-18, 8.54881733e-18, -0.400000006 ]
   R_56: !!opencv-matrix
      rows: 3
      cols: 3
      dt: f
      data: [ 0.674288809, 0., 0.738467753, 0.281614602, 0.924430788,
          -0.257139981, -0.682662308, 0.381349891, 0.623333335 ]
   t_56: !!opencv-matrix
      rows: 3
      cols: 1
      dt: f
      data: [ 2.39552167e-18, -1.35777582e-18, -0.400000006 ]
   R_57: !!opencv-matrix
      rows: 3
      cols: 3
      dt: f
      data: [ 0.627040565, 0., -0.778986573, -0.141112223, 0.983455777,
          -0.113587432, 0.766098857, 0.181148455, 0.616666675 ]
   t_57: !!opencv-matrix
      rows: 3
      cols: 1
      dt: f
      data: [ 1.20891322e-17, -6.95738139e-18, -0.400000006 ]
   R_58: !!opencv-matrix
      rows: 3
      cols: 3
      dt: f
      data: [ 0.807596385, 0., 0.589735568, -0.386481553, 0.755327761,
          0.529256046, -0.44544366, -0.655347168, 0.610000014 ]
   t_58: !!opencv-matrix
      rows: 3
      cols: 1
      dt: f
      data: [ -8.1815326e-18, -1.93840181e-17, -0.400000006 ]
   R_59: !!opencv-matrix
      rows: 3
      cols: 3
      dt: f
      data: [ 0.982327461, 0., 0.187170431, 0.147707433, 0.614187598,
          -0.775213599, -0.114957757, 0.789160073, 0.603333354 ]
   t_59: !!opencv-matrix
      rows: 3
      cols: 1
      dt: f
      data: [ 4.22713943e-18, 3.43992157e-18, -0.400000006 ]
   R_60: !!opencv-matrix
      rows: 3
      cols: 3
      dt: f
      data: [ 0.692426205, 0., -0.721488714, 0.366091102, 0.86170429,
          0.351344496, 0.621709943, -0.507410765, 0.596666694 ]
   t_60: !!opencv-matrix
      rows: 3
      cols: 1
      dt: f
      data: [ 2.2176474e-17, 5.5593014e-18, -0.400000006 ]
   R_61: !!opencv-matrix
      rows: 3
      cols: 3
      dt: f
      data: [ 0.59062767, 0., 0.806944191, -0.0371925794, 0.998937249,
          0.0272224117, -0.8060866, -0.0460906476, 0.589999974 ]
   t_61: !!opencv-matrix
      rows: 3
      cols: 1
      dt: f
      data: [ -8.27853855e-18, -2.53808108e-18, -0.400000006 ]
   R_62: !!opencv-matrix
      rows: 3
      cols: 3
      dt: f
      data: [ 0.717308939, 0., -0.69675523, -0.4054766, 0.813224673,
          -0.417437822, 0.566618562, 0.58194983, 0.583333313 ]
   t_62: !!opencv-matrix
      rows: 3
      cols: 1
      dt: f
      data: [ -1.38947136e-17, 5.7683714e-19, -0.400000006 ]
   R_63: !!opencv-matrix
      rows: 3
      cols: 3
      dt: f
      data: [ 0.99907285, 0., 0.0430522151, -0.035156507, 0.577201843,
          0.815844357, -0.024849819, -0.816601515, 0.576666653 ]
   t_63: !!opencv-matrix
      rows: 3
      cols: 1
      dt: f
      data: [ 1.26006656e-18, 3.31848417e-17, -0.400000006 ]
   R_64: !!opencv-matrix
      rows: 3
      cols: 3
      dt: f
      data: [ 0.728290856, 0., 0.685268164, 0.426549643, 0.782654345,
          -0.453329414, -0.536328077, 0.622456551, 0.569999993 ]
   t_64: !!opencv-matrix
      rows: 3
      cols: 1
      dt: f
      data: [ 4.41104867e-19, -1.54455631e-17, -0.400000006 ]
   R_65: !!opencv-matrix
      rows: 3
      cols: 3
      dt: f
      data: [ 0.566015422, 0., -0.824394643, 0.0801602304, 0.995261431,
          0.0550366603, 0.820488155, -0.0972352624, 0.563333333 ]
   t_65: !!opencv-matrix
      rows: 3
      cols: 1
      dt: f
      data: [ -5.38637019e-18, -5.40638341e-18, -0.400000006 ]
   R_66: !!opencv-matrix
      rows: 3
      cols: 3
      dt: f
      data: [ 0.636610687, 0., 0.771185338, -0.374152362, 0.874422491,
          0.308861375, -0.674341798, -0.485165268, 0.556666672 ]
   t_66: !!opencv-matrix
      rows: 3
      cols: 1
      dt: f
      data: [ -1.27041997e-17, 2.22322789e-17, -0.400000006 ]
   R_67: !!opencv-matrix
      rows: 3
      cols: 3
      dt: f
      data: [ 0.955197632, 0., -0.295968741, -0.241981849, 0.575797081,
          -0.780962527, 0.17041792, 0.817592621, 0.550000012 ]
   t_67: !!opencv-matrix
      rows: 3
      cols: 1
      dt: f
      data: [ 1.13189311e-17, -2.07555895e-17, -0.400000006 ]
   R_68: !!opencv-matrix
      rows: 3
      cols: 3
      dt: f
      data: [ 0.784959376, 0., -0.619547188, 0.447142541, 0.692180157,
          0.566524625, 0.428838283, -0.721724749, 0.543333352 ]
   t_68: !!opencv-matrix
      rows: 3
      cols: 1
      dt: f
      data: [ 2.69077345e-18, 1.70974163e-17, -0.400000006 ]
   R_69: !!opencv-matrix
      rows: 3
      cols: 3
      dt: f
      data: [ 0.553355098, 0., 0.832945466, 0.203019455, 0.969841421,
          -0.134872988, -0.807825029, 0.243736789, 0.536666691 ]
   t_69: !!opencv-matrix
      rows: 3
      cols: 1
      dt: f
      data: [ -1.31446518e-17, -7.64421096e-18, -0.400000006 ]
   R_70: !!opencv-matrix
      rows: 3
      cols: 3
      dt: f
      data: [ 0.569945157, 0., -0.821682751, -0.302196026, 0.929913998,
          -0.209612727, 0.764094293, 0.36777702, 0.529999971 ]
   t_70: !!opencv-matrix
      rows: 3
      cols: 1
      dt: f
      data: [ 3.09807528e-17, -1.98081451e-17, -0.400000006 ]
   R_71: !!opencv-matrix
      rows: 3
      cols: 3
      dt: f
      data: [ 0.855667055, 0., 0.517526686, -0.409446687, 0.611608624,
          0.676969945, -0.31652379, -0.791160464, 0.523333311 ]
   t_71: !!opencv-matrix
      rows: 3
      cols: 1
      dt: f
      data: [ 6.12427651e-18, 3.30093438e-17, -0.400000006 ]
   R_72: !!opencv-matrix
      rows: 3
      cols: 3
      dt: f
      data: [ 0.862999022, 0., 0.505205512, 0.40466094, 0.59868741,
          -0.691247344, -0.302460194, 0.800982773, 0.516666651 ]
   t_72: !!opencv-matrix
      rows: 3
      cols: 1
      dt: f
      data: [ 1.98066826e-17, -4.35392058e-18, -0.400000006 ]
   R_73: !!opencv-matrix
      rows: 3
      cols: 3
      dt: f
      data: [ 0.553377628, 0., -0.832930505, 0.323268741, 0.921612978,
          0.21477145, 0.767639577, -0.388110101, 0.50999999 ]
   t_73: !!opencv-matrix
      rows: 3
      cols: 1
      dt: f
      data: [ -2.40383748e-17, -9.71046677e-18, -0.400000006 ]
   R_74: !!opencv-matrix
      rows: 3
      cols: 3
      dt: f
      data: [ 0.517631292, 0., 0.855603814, -0.199707419, 0.972378135,
          0.12082088, -0.831970453, -0.233411103, 0.50333333 ]
   t_74: !!opencv-matrix
      rows: 3
      cols: 1
      dt: f
      data: [ -4.0703083e-17, -3.69234193e-18, -0.400000006 ]
   R_75: !!opencv-matrix
      rows: 3
      cols: 3
      dt: f
      data: [ 0.735267401, 0., -0.677777171, -0.499771208, 0.675491214,
          -0.542162657, 0.457832515, 0.737368047, 0.49666667 ]
   t_75: !!opencv-matrix
      rows: 3
      cols: 1
      dt: f
      data: [ 1.60891923e-17, -4.46969029e-17, -0.400000006 ]
   R_76: !!opencv-matrix
      rows: 3
      cols: 3
      dt: f
      data: [ 0.949920952, 0., -0.312490374, 0.267707229, 0.515832424,
          0.813787282, 0.161192656, -0.856689513, 0.49000001 ]
   t_76: !!opencv-matrix
      rows: 3
      cols: 1
      dt: f
      data: [ 3.46937416e-18, -3.70121014e-18, -0.400000006 ]
   R_77: !!opencv-matrix
      rows: 3
      cols: 3
      dt: f
      data: [ 0.567907333, 0., 0.82309252, 0.432156116, 0.851077855,
          -0.298173815, -0.700515807, 0.525039554, 0.483333319 ]
   t_77: !!opencv-matrix
      rows: 3
      cols: 1
      dt: f
      data: [ 3.72073408e-18, -1.89773794e-17, -0.400000006 ]
   R_78: !!opencv-matrix
      rows: 3
      cols: 3
      dt: f
      data: [ 0.478455931, 0., -0.878111541, -0.0758708715, 0.996260345,
          -0.0413396992, 0.874827683, 0.0864023119, 0.476666659 ]
   t_78: !!opencv-matrix
      rows: 3
      cols: 1
      dt: f
      data: [ -1.5850999e-17, 1.29884872e-18, -0.400000006 ]
   R_79: !!opencv-matrix
      rows: 3
      cols: 3
      dt: f
      data: [ 0.623660386, 0., 0.781695426, -0.513820708, 0.75361532,
          0.409941763, -0.589097679, -0.657315731, 0.469999999 ]
   t_79: !!opencv-matrix
      rows: 3
      cols: 1
      dt: f
      data: [ -1.84268709e-17, 3.76797875e-17, -0.400000006 ]
   R_80: !!opencv-matrix
      rows: 3
      cols: 3
      dt: f
      data: [ 0.999782443, 0., 0.0208583754, 0.0184832606, 0.46343416,
          -0.885938585, -0.00966648385, 0.886131346, 0.463333338 ]
   t_80: !!opencv-matrix
      rows: 3
      cols: 1
      dt: f
      data: [ 2.56014312e-19, 1.64814232e-17, -0.400000006 ]
   R_81: !!opencv-matrix
      rows: 3
      cols: 3
      dt: f
      data: [ 0.600522101, 0., -0.799608171, 0.519263268, 0.760449409,
          0.389977366, 0.608061552, -0.649397194, 0.456666678 ]
   t_81: !!opencv-matrix
      rows: 3
      cols: 1
      dt: f
      data: [ -1.72987653e-17, -6.52156143e-18, -0.400000006 ]
   R_82: !!opencv-matrix
      rows: 3
      cols: 3
      dt: f
      data: [ 0.451055318, 0., 0.89249599, 0.0610156469, 0.997660339,
          -0.030836476, -0.89040786, 0.068365179, 0.449999988 ]
   t_82: !!opencv-matrix
      rows: 3
      cols: 1
      dt: f
      data: [ 8.92905323e-18, -2.86278731e-19, -0.400000006 ]
   R_83: !!opencv-matrix
      rows: 3
      cols: 3
      dt: f
      data: [ 0.532141745, 0., -0.846655309, -0.468289495, 0.833111346,
          -0.294330388, 0.705358148, 0.553105295, 0.443333328 ]
   t_83: !!opencv-matrix
      rows: 3
      cols: 1
      dt: f
      data: [ 4.06038685e-18, -2.80667345e-17, -0.400000006 ]
   R_84: !!opencv-matrix
      rows: 3
      cols: 3
      dt: f
      data: [ 0.94772166, 0., 0.319098085, -0.28320843, 0.460754097,
          0.841129363, -0.147025764, -0.887527823, 0.436666667 ]
   t_84: !!opencv-matrix
      rows: 3
      cols: 1
      dt: f
      data: [ 1.04777727e-19, 5.24145642e-18, -0.400000006 ]
   R_85: !!opencv-matrix
      rows: 3
      cols: 3
      dt: f
      data: [ 0.657423854, 0., 0.753521025, 0.569990098, 0.654068172,
          -0.497298807, -0.492854089, 0.756435633, 0.430000007 ]
   t_85: !!opencv-matrix
      rows: 3
      cols: 1
      dt: f
      data: [ 7.84662371e-18, -1.11039683e-17, -0.400000006 ]
   R_86: !!opencv-matrix
      rows: 3
      cols: 3
      dt: f
      data: [ 0.434539497, 0., -0.900652766, 0.203220785, 0.974211395,
          0.0980482846, 0.877426207, -0.225637227, 0.423333347 ]
   t_86: !!opencv-matrix
      rows: 3
      cols: 1
      dt: f
      data: [ -1.37800225e-17, -4.26603512e-18, -0.400000006 ]
   R_87: !!opencv-matrix
      rows: 3
      cols: 3
      dt: f
      data: [ 0.460970998, 0., 0.887415171, -0.379606813, 0.90388912,
          0.197188109, -0.802124918, -0.42776686, 0.416666657 ]
   t_87: !!opencv-matrix
      rows: 3
      cols: 1
      dt: f
      data: [ -1.64204798e-17, 1.02290751e-17, -0.400000006 ]
   R_88: !!opencv-matrix
      rows: 3
      cols: 3
      dt: f
      data: [ 0.803732574, 0., -0.59499073, -0.5117535, 0.510119915,
          -0.691293001, 0.303516626, 0.86010325, 0.409999996 ]
   t_88: !!opencv-matrix
      rows: 3
      cols: 1
      dt: f
      data: [ -3.39897116e-18, 1.70426635e-17, -0.400000006 ]
   R_89: !!opencv-matrix
      rows: 3
      cols: 3
      dt: f
      data: [ 0.747564495, 0., -0.664189219, 0.559225082, 0.5395298,
          0.629424274, 0.35834986, -0.84196651, 0.403333336 ]
   t_89: !!opencv-matrix
      rows: 3
      cols: 1
      dt: f
      data: [ 5.2161011e-20, -3.41074691e-17, -0.400000006 ]
   R_90: !!opencv-matrix
      rows: 3
      cols: 3
      dt: f
      data: [ 0.428831756, 0., 0.903384387, 0.343270212, 0.924993694,
          -0.162948534, -0.835624874, 0.379982442, 0.396666676 ]
   t_90: !!opencv-matrix
      rows: 3
      cols: 1
      dt: f
      data: [ 5.09133958e-19, -1.55916713e-17, -0.400000006 ]
   R_91: !!opencv-matrix
      rows: 3
      cols: 3
      dt: f
      data: [ 0.406893343, 0., -0.913475692, -0.260479867, 0.958482146,
          -0.11602664, 0.875550151, 0.285152495, 0.389999986 ]
   t_91: !!opencv-matrix
      rows: 3
      cols: 1
      dt: f
      data: [ -9.66883394e-18, 4.2778303e-18, -0.400000006 ]
   R_92: !!opencv-matrix
      rows: 3
      cols: 3
      dt: f
      data: [ 0.644837976, 0., 0.764319301, -0.614605784, 0.5944646,
          0.518528223, -0.454360783, -0.804121792, 0.383333325 ]
   t_92: !!opencv-matrix
      rows: 3
      cols: 1
      dt: f
      data: [ -1.12923107e-17, 5.89308201e-18, -0.400000006 ]
   R_93: !!opencv-matrix
      rows: 3
      cols: 3
      dt: f
      data: [ 0.874646842, 0., 0.484760672, 0.437505722, 0.430649996,
          -0.789385378, -0.208762184, 0.902518988, 0.376666665 ]
   t_93: !!opencv-matrix
      rows: 3
      cols: 1
      dt: f
      data: [ 1.60844211e-17, -8.08069101e-18, -0.400000006 ]
   R_94: !!opencv-matrix
      rows: 3
      cols: 3
      dt: f
      data: [ 0.435043454, 0., -0.90040946, 0.473607808, 0.850489795,
          0.22882919, 0.765789032, -0.525991559, 0.370000005 ]
   t_94: !!opencv-matrix
      rows: 3
      cols: 1
      dt: f
      data: [ 8.74863853e-19, -1.66746211e-18, -0.400000006 ]
   R_95: !!opencv-matrix
      rows: 3
      cols: 3
      dt: f
      data: [ 0.366433263, 0., 0.93044436, -0.120771028, 0.991540313,
          0.0475627817, -0.92257303, -0.129799306, 0.363333344 ]
   t_95: !!opencv-matrix
      rows: 3
      cols: 1
      dt: f
      data: [ 1.86784281e-17, 1.05404747e-17, -0.400000006 ]
   R_96: !!opencv-matrix
      rows: 3
      cols: 3
      dt: f
      data: [ 0.514629245, 0., -0.857412815, -0.618095279, 0.69305563,
          -0.370988041, 0.594234765, 0.720884144, 0.356666654 ]
   t_96: !!opencv-matrix
      rows: 3
      cols: 1
      dt: f
      data: [ 1.3693324e-17, -4.28165659e-17, -0.400000006 ]
   R_97: !!opencv-matrix
      rows: 3
      cols: 3
      dt: f
      data: [ 0.990376115, 0., -0.138402194, 0.129471362, 0.353401095,
          0.926469028, 0.0489114858, -0.935471892, 0.349999994 ]
   t_97: !!opencv-matrix
      rows: 3
      cols: 1
      dt: f
      data: [ 3.32609614e-18, 1.85636469e-17, -0.400000006 ]
   R_98: !!opencv-matrix
      rows: 3
      cols: 3
      dt: f
      data: [ 0.456195295, 0., 0.889879704, 0.585964501, 0.752601683,
          -0.300393671, -0.669724941, 0.658476055, 0.343333334 ]
   t_98: !!opencv-matrix
      rows: 3
      cols: 1
      dt: f
      data: [ -6.83727146e-18, 9.4520175e-18, -0.400000006 ]
   R_99: !!opencv-matrix
      rows: 3
      cols: 3
      dt: f
      data: [ 0.336852729, 0., -0.941557348, 0.03128995, 0.999447644,
          0.0111943316, 0.941037297, -0.0332321227, 0.336666673 ]
   t_99: !!opencv-matrix
      rows: 3
      cols: 1
      dt: f
      data: [ -1.88800583e-17, -1.71698459e-18, -0.400000006 ]
   R_100: !!opencv-matrix
      rows: 3
      cols: 3
      dt: f
      data: [ 0.417549402, 0., 0.908654213, -0.556720674, 0.790325642,
          0.255827129, -0.718132675, -0.612687051, 0.330000013 ]
   t_100: !!opencv-matrix
      rows: 3
      cols: 1
      dt: f
      data: [ 2.28834024e-17, -2.32398891e-17, -0.400000006 ]
   R_101: !!opencv-matrix
      rows: 3
      cols: 3
      dt: f
      data: [ 0.941307068, 0., -0.337551415, -0.317013055, 0.343493998,
          -0.884033144, 0.115946881, 0.939154863, 0.323333323 ]
   t_101: !!opencv-matrix
      rows: 3
      cols: 1
      dt: f
      data: [ -7.63054418e-19, -8.14326309e-18, -0.400000006 ]
   R_102: !!opencv-matrix
      rows: 3
      cols: 3
      dt: f
      data: [ 0.498827845, 0., -0.866701066, 0.669664204, 0.634821534,
          0.38542372, 0.550200522, -0.772658825, 0.316666663 ]
   t_102: !!opencv-matrix
      rows: 3
      cols: 1
      dt: f
      data: [ 1.37424635e-17, -2.11598475e-17, -0.400000006 ]
   R_103: !!opencv-matrix
      rows: 3
      cols: 3
      dt: f
      data: [ 0.316296518, 0., 0.948660374, 0.188345894, 0.980093002,
          -0.0627971292, -0.929775417, 0.198538795, 0.310000002 ]
   t_103: !!opencv-matrix
      rows: 3
      cols: 1
      dt: f
      data: [ 1.8310786e-17, -3.63101228e-18, -0.400000006 ]
   R_104: !!opencv-matrix
      rows: 3
      cols: 3
      dt: f
      data: [ 0.34636569, 0., -0.938099563, -0.452863932, 0.875760317,
          -0.167206705, 0.821550369, 0.482746124, 0.303333342 ]
   t_104: !!opencv-matrix
      rows: 3
      cols: 1
      dt: f
      data: [ -9.38936436e-18, 2.4317277e-17, -0.400000006 ]
   R_105: !!opencv-matrix
      rows: 3
      cols: 3
      dt: f
      data: [ 0.72685957, 0., 0.686786115, -0.626977742, 0.408148557,
          0.663561344, -0.28031078, -0.912915528, 0.296666652 ]
   t_105: !!opencv-matrix
      rows: 3
      cols: 1
      dt: f
      data: [ -8.58016748e-18, 1.01450509e-17, -0.400000006 ]
   R_106: !!opencv-matrix
      rows: 3
      cols: 3
      dt: f
      data: [ 0.576666355, 0., 0.816979766, 0.706156552, 0.502890408,
          -0.498441666, -0.4108513, 0.86435014, 0.289999992 ]
   t_106: !!opencv-matrix
      rows: 3
      cols: 1
      dt: f
      data: [ 3.46502857e-18, -2.10788897e-17, -0.400000006 ]
   R_107: !!opencv-matrix
      rows: 3
      cols: 3
      dt: f
      data: [ 0.303766936, 0., -0.952746391, 0.343530685, 0.932732582,
          0.109528899, 0.88865757, -0.360568851, 0.283333331 ]
   t_107: !!opencv-matrix
      rows: 3
      cols: 1
      dt: f
      data: [ -1.89891039e-17, 2.06947536e-17, -0.400000006 ]
   R_108: !!opencv-matrix
      rows: 3
      cols: 3
      dt: f
      data: [ 0.293642819, 0., 0.955915213, -0.320313185, 0.942187786,
          0.0983953997, -0.900651634, -0.335085332, 0.276666671 ]
   t_108: !!opencv-matrix
      rows: 3
      cols: 1
      dt: f
      data: [ -3.06988522e-18, 1.447396e-17, -0.400000006 ]
   R_109: !!opencv-matrix
      rows: 3
      cols: 3
      dt: f
      data: [ 0.524202645, 0., -0.851593554, -0.729942858, 0.515067995,
          -0.449319959, 0.438628554, 0.857149363, 0.270000011 ]
   t_109: !!opencv-matrix
      rows: 3
      cols: 1
      dt: f
      data: [ -5.73678541e-18, -1.99313346e-18, -0.400000006 ]
   R_110: !!opencv-matrix
      rows: 3
      cols: 3
      dt: f
      data: [ 0.716945827, 0., -0.697128892, 0.648401678, 0.367298782,
          0.66683346, 0.25605461, -0.930103004, 0.263333321 ]
   t_110: !!opencv-matrix
      rows: 3
      cols: 1
      dt: f
      data: [ 8.96059012e-19, 2.5686064e-17, -0.400000006 ]
   R_111: !!opencv-matrix
      rows: 3
      cols: 3
      dt: f
      data: [ 0.299181044, 0., 0.954196334, 0.490286052, 0.85789746,
          -0.15372549, -0.818602622, 0.513820946, 0.25666666 ]
   t_111: !!opencv-matrix
      rows: 3
      cols: 1
      dt: f
      data: [ -2.05297675e-17, 2.18187928e-17, -0.400000006 ]
   R_112: !!opencv-matrix
      rows: 3
      cols: 3
      dt: f
      data: [ 0.253890783, 0., -0.967232883, -0.168682545, 0.984675407,
          -0.0442777947, 0.95241046, 0.174397036, 0.25 ]
   t_112: !!opencv-matrix
      rows: 3
      cols: 1
      dt: f
      data: [ -3.8669213e-18, 1.60464238e-17, -0.400000006 ]
   R_113: !!opencv-matrix
      rows: 3
      cols: 3
      dt: f
      data: [ 0.383776069, 0., 0.923426211, -0.71407789, 0.63405031,
          0.2967709, -0.585498631, -0.773291826, 0.24333334 ]
   t_113: !!opencv-matrix
      rows: 3
      cols: 1
      dt: f
      data: [ -2.07714378e-18, -2.6623435e-17, -0.400000006 ]
   R_114: !!opencv-matrix
      rows: 3
      cols: 3
      dt: f
      data: [ 0.933674335, 0., 0.358123153, 0.346427172, 0.253478795,
          -0.903181434, -0.0907766297, 0.967340946, 0.236666664 ]
   t_114: !!opencv-matrix
      rows: 3
      cols: 1
      dt: f
      data: [ 5.24402606e-18, -1.89683619e-18, -0.400000006 ]
   R_115: !!opencv-matrix
      rows: 3
      cols: 3
      dt: f
      data: [ 0.303701788, 0., -0.952767134, 0.622196794, 0.757321835,
          0.19832997, 0.721551359, -0.65304184, 0.230000004 ]
   t_115: !!opencv-matrix
      rows: 3
      cols: 1
      dt: f
      data: [ -5.45640799e-18, -4.58587319e-18, -0.400000006 ]
   R_116: !!opencv-matrix
      rows: 3
      cols: 3
      dt: f
      data: [ 0.223337188, 0., 0.97474122, -0.00572910765, 0.999982715,
          0.00131267949, -0.974724412, -0.00587756792, 0.223333329 ]
   t_116: !!opencv-matrix
      rows: 3
      cols: 1
      dt: f
      data: [ 1.08890604e-18, -7.454531e-20, -0.400000006 ]
   R_117: !!opencv-matrix
      rows: 3
      cols: 3
      dt: f
      data: [ 0.289686888, 0., -0.957121491, -0.635311484, 0.747933984,
          -0.192286357, 0.715863705, 0.66377306, 0.216666669 ]
   t_117: !!opencv-matrix
      rows: 3
      cols: 1
      dt: f
      data: [ 1.00753452e-17, -3.74214557e-17, -0.400000006 ]
   R_118: !!opencv-matrix
      rows: 3
      cols: 3
      dt: f
      data: [ 0.935076237, 0., 0.354446709, -0.345392525, 0.224580616,
          0.911190152, -0.0796018615, -0.974455535, 0.209999993 ]
   t_118: !!opencv-matrix
      rows: 3
      cols: 1
      dt: f
      data: [ -2.38927418e-18, -5.9534025e-18, -0.400000006 ]
   R_119: !!opencv-matrix
      rows: 3
      cols: 3
      dt: f
      data: [ 0.320766121, 0., 0.947158456, 0.732547283, 0.633899033,
          -0.248085588, -0.600402832, 0.773415804, 0.203333333 ]
   t_119: !!opencv-matrix
      rows: 3
      cols: 1
      dt: f
      data: [ 1.37780588e-17, 1.37918371e-17, -0.400000006 ]
   R_120: !!opencv-matrix
      rows: 3
      cols: 3
      dt: f
      data: [ 0.19939822, 0., -0.97991854, 0.161642864, 0.986301005,
          0.0328918137, 0.966494679, -0.164955407, 0.196666673 ]
   t_120: !!opencv-matrix
      rows: 3
      cols: 1
      dt: f
      data: [ 5.72347648e-18, -1.08873802e-17, -0.400000006 ]
   R_121: !!opencv-matrix
      rows: 3
      cols: 3
      dt: f
      data: [ 0.224378288, 0., 0.974502146, -0.518373311, 0.846784234,
          0.119355015, -0.825192988, -0.531936526, 0.189999998 ]
   t_121: !!opencv-matrix
      rows: 3
      cols: 1
      dt: f
